126.302333553 19.1791526292 28.268378007 59.5046817924 0.0 
138.454504911 76.1054798292 82.4151233129 97.2689575799 0.0 
0.0 0.0 0.0 0.0 0.0 
31.3309836699 17.2351752461 5.02311266853 0.0 0.0 
32.1309836699 41.0787702979 36.0667077203 0.0 0.0 
0.0 0.0 0.0 0.0 0.0 
89.6587385011 0.0 35.9757114295 20.6153046553 0.0 
89.6587385011 0.0 35.1757114295 22.2153046553 0.0 
0.0 0.0 0.0 0.0 0.0 
0.0 0.0 0.0 0.0 0.0 
0.0 0.0 0.0 0.0 0.0 
0.0 0.0 0.0 0.0 0.0 
32.1309836699 57.7223653497 0.0 24.2628017409 0.0 
49.6493592172 57.7223653497 0.0 6.74442619358 0.0 
0.0 0.0 0.0 0.0 0.0 
49.7082221661 14.6705699751 0.0 0.0 0.0 
42.5082221661 16.2299830228 0.0 0.0 0.0 
0.0 0.0 0.0 0.0 0.0 
7.70479307547 0.0 0.0 -17.6817644009 0.0 
29.9483881273 0.0 0.0 4.56183065092 0.0 
0.0 0.0 0.0 0.0 0.0 
0.0 0.0 0.0 0.0 0.0 
0.0 0.0 0.0 0.0 0.0 
0.0 0.0 0.0 0.0 0.0 
0.0 15.5611671789 21.0147024056 46.8037454339 0.0 
0.0 17.008427936 21.8147024056 40.4037454339 0.0 
0.0 0.0 0.0 0.0 0.0 
0.0 16.4351752461 29.6667077203 0.0 0.0 
0.0 35.4787702979 33.6667077203 0.0 0.0 
0.0 0.0 0.0 0.0 0.0 
0.0 0.0 21.0147024056 2.52840922051 0.0 
0.0 0.0 21.8147024056 4.85429563139 0.0 
0.0 0.0 0.0 0.0 0.0 
0.0 0.0 0.0 0.0 0.0 
0.0 0.0 0.0 0.0 0.0 
0.0 0.0 0.0 0.0 0.0 
0.0 49.6405547265 0.0 79.1135785721 0.0 
0.0 53.194692501 0.0 75.5126611978 0.0 
0.0 0.0 0.0 0.0 0.0 
0.0 38.3869171552 0.0 0.0 0.0 
0.0 48.1962151809 0.0 0.0 0.0 
0.0 0.0 0.0 0.0 0.0 
0.0 0.0 0.0 -35.7688614327 0.0 
0.0 0.0 0.0 53.0552759604 0.0 
0.0 0.0 0.0 0.0 0.0 
0.0 0.0 0.0 0.0 0.0 
0.0 0.0 0.0 0.0 0.0 
0.0 0.0 0.0 0.0 0.0 
75.6358568227 88.742125924 45.0130701196 14.8907885929 0.0 
98.4747498191 101.422665011 86.374614092 58.9586270426 0.0 
0.0 0.0 0.0 0.0 0.0 
5.88738861813 56.6771458452 12.2231126685 0.0 0.0 
144.004680164 201.1515461 165.234439273 0.0 0.0 
0.0 0.0 0.0 0.0 0.0 
51.7936900414 0.0 44.9283286591 18.8060471323 0.0 
85.3252540528 0.0 61.9106910185 11.1448144399 0.0 
0.0 0.0 0.0 0.0 0.0 
0.0 0.0 0.0 0.0 0.0 
0.0 0.0 0.0 0.0 0.0 
0.0 0.0 0.0 0.0 0.0 
50.7843153163 59.3971458452 0.0 4.34442619358 0.0 
-0.3406696244 87.3886239225 0.0 193.679755736 0.0 
0.0 0.0 0.0 0.0 0.0 
0.0 0.0 0.0 0.0 0.0 
0.0 0.0 0.0 0.0 0.0 
0.0 0.0 0.0 0.0 0.0 
87.7252540528 0.0 0.0 23.7967253067 0.0 
33.5413047219 0.0 0.0 47.9874902916 0.0 
0.0 0.0 0.0 0.0 0.0 
0.0 0.0 0.0 0.0 0.0 
0.0 0.0 0.0 0.0 0.0 
0.0 0.0 0.0 0.0 0.0 
0.0 6.24334971657 -1.72445985737 30.0402514909 0.0 
0.0 41.5404715932 43.9721584872 27.0386467792 0.0 
0.0 0.0 0.0 0.0 0.0 
0.0 33.8196162582 27.2555240803 0.0 0.0 
0.0 201.9515461 188.21111898 0.0 0.0 
0.0 0.0 0.0 0.0 0.0 
0.0 0.0 -2.82889264618 -22.1151858313 0.0 
0.0 0.0 44.5223236665 26.3403700385 0.0 
0.0 0.0 0.0 0.0 0.0 
0.0 0.0 0.0 0.0 0.0 
0.0 0.0 0.0 0.0 0.0 
0.0 0.0 0.0 0.0 0.0 
0.0 2.83517524611 0.0 -31.4991688582 0.0 
0.0 209.9515461 0.0 200.879755736 0.0 
0.0 0.0 0.0 0.0 0.0 
0.0 0.0 0.0 0.0 0.0 
0.0 0.0 0.0 0.0 0.0 
0.0 0.0 0.0 0.0 0.0 
0.0 0.0 0.0 0.0 0.0 
0.0 0.0 0.0 0.0 0.0 
0.0 0.0 0.0 0.0 0.0 
0.0 0.0 0.0 0.0 0.0 
0.0 0.0 0.0 0.0 0.0 
0.0 0.0 0.0 0.0 0.0 
58.761229337 57.7454649022 56.9702674518 134.220530476 0.0 
56.3575554572 55.3417910224 166.799112294 99.8456042009 0.0 
0.0 0.0 0.0 0.0 0.0 
0.0 0.0 121.885412784 0.0 0.0 
129.667204778 50.5680638748 236.654678379 0.0 0.0 
0.0 0.0 0.0 0.0 0.0 
0.0 0.0 0.0 0.0 0.0 
0.0 0.0 0.0 0.0 0.0 
0.0 0.0 0.0 0.0 0.0 
0.0 0.0 0.0 0.0 0.0 
0.0 0.0 0.0 0.0 0.0 
0.0 0.0 0.0 0.0 0.0 
0.0 0.0 0.0 0.0 0.0 
76.1000161698 0.763377554189 0.0 0.0 0.0 
0.0 0.0 0.0 0.0 0.0 
130.25012184 37.5996586591 0.0 0.0 0.0 
127.85012184 37.5996586591 0.0 0.0 0.0 
0.0 0.0 0.0 0.0 0.0 
128.65012184 0.0 0.0 117.810609952 0.0 
128.65012184 0.0 0.0 117.810609952 0.0 
0.0 0.0 0.0 0.0 0.0 
0.0 0.0 0.0 0.0 0.0 
0.0 0.0 0.0 0.0 0.0 
0.0 0.0 0.0 0.0 0.0 
0.0 33.9864880296 79.0784470923 -0.23927082676 0.0 
0.0 2.4340629302 2.45886547988 170.912402325 0.0 
0.0 0.0 0.0 0.0 0.0 
0.0 25.7973507511 6.22622868884 0.0 0.0 
0.0 22.2801572863 68.972116349 0.0 0.0 
0.0 0.0 0.0 0.0 0.0 
0.0 0.0 0.0 0.0 0.0 
0.0 0.0 0.0 0.0 0.0 
0.0 0.0 0.0 0.0 0.0 
0.0 0.0 0.0 0.0 0.0 
0.0 0.0 0.0 0.0 0.0 
0.0 0.0 0.0 0.0 0.0 
0.0 -16.2616264883 0.0 -12.8549602452 0.0 
0.0 -13.0616264883 0.0 -15.2549602452 0.0 
0.0 0.0 0.0 0.0 0.0 
0.0 -13.8616264883 0.0 0.0 0.0 
0.0 -14.6616264883 0.0 0.0 0.0 
0.0 0.0 0.0 0.0 0.0 
0.0 0.0 0.0 0.0 0.0 
0.0 0.0 0.0 0.0 0.0 
0.0 0.0 0.0 0.0 0.0 
0.0 0.0 0.0 0.0 0.0 
0.0 0.0 0.0 0.0 0.0 
0.0 0.0 0.0 0.0 0.0 
109.949978487 85.3410823268 70.4102674518 93.3055795227 0.0 
84.261207719 71.538660683 35.8705311096 109.318799982 0.0 
0.0 0.0 0.0 0.0 0.0 
110.262222262 94.5000407911 20.6645490222 0.0 0.0 
107.395808933 69.6195503575 147.790844221 0.0 0.0 
0.0 0.0 0.0 0.0 0.0 
105.795808933 0.0 165.343593807 170.012230563 0.0 
56.4237372081 0.0 61.7097256159 170.812230563 0.0 
0.0 0.0 0.0 0.0 0.0 
0.0 0.0 0.0 0.0 0.0 
0.0 0.0 0.0 0.0 0.0 
0.0 0.0 0.0 0.0 0.0 
81.5902428744 87.1332417232 0.0 43.7018232412 0.0 
-0.05921370876 87.9332417232 0.0 -0.86831190058 0.0 
0.0 0.0 0.0 0.0 0.0 
130.25012184 38.3996586591 0.0 0.0 0.0 
146.893716892 55.0432537109 0.0 0.0 0.0 
0.0 0.0 0.0 0.0 0.0 
57.3837372081 0.0 0.0 171.612230563 0.0 
5.44931993156 0.0 0.0 0.13723153938 0.0 
0.0 0.0 0.0 0.0 0.0 
0.0 0.0 0.0 0.0 0.0 
0.0 0.0 0.0 0.0 0.0 
0.0 0.0 0.0 0.0 0.0 
0.0 243.555099664 54.5864204037 155.428350529 0.0 
0.0 161.404083579 110.921522012 300.96217375 0.0 
0.0 0.0 0.0 0.0 0.0 
0.0 34.635823104 37.8778994375 0.0 0.0 
0.0 341.307951048 84.8157114009 0.0 0.0 
0.0 0.0 0.0 0.0 0.0 
0.0 0.0 0.0 117.751949552 0.0 
0.0 0.0 157.373351707 259.881682804 0.0 
0.0 0.0 0.0 0.0 0.0 
0.0 0.0 0.0 0.0 0.0 
0.0 0.0 0.0 0.0 0.0 
0.0 0.0 0.0 0.0 0.0 
0.0 19.6996955249 0.0 16.5886348066 0.0 
0.0 15.7325227311 0.0 15.9805222228 0.0 
0.0 0.0 0.0 0.0 0.0 
0.0 15.4142967673 0.0 0.0 0.0 
0.0 14.5662081556 0.0 0.0 0.0 
0.0 0.0 0.0 0.0 0.0 
0.0 0.0 0.0 0.0 0.0 
0.0 0.0 0.0 -9.47543124484 0.0 
0.0 0.0 0.0 0.0 0.0 
0.0 0.0 0.0 0.0 0.0 
0.0 0.0 0.0 0.0 0.0 
0.0 0.0 0.0 0.0 0.0 
